L=4.9e-3;
U=0.5;
R=220;
E=10;
C=10e-6;
